0 0.937394 0.528376 0.094155 0.118871
0 0.087883 0.325366 0.060995 0.070004
0 0.460404 0.403622 0.082629 0.085562
0 0.619201 0.433074 0.075365 0.091904
0 0.020005 0.328873 0.024347 0.071294
0 0.075756 0.267623 0.048373 0.047254
2 0.105178 0.408646 0.023056 0.065078
2 0.542517 0.398419 0.027591 0.060956
2 0.784367 0.468959 0.033447 0.073134
2 0.093175 0.461578 0.040422 0.105274
0 0.130708 0.161756 0.033130 0.024979
2 0.718400 0.458834 0.035342 0.089573
0 0.426513 0.367248 0.061198 0.079858
1 0.569598 0.450514 0.029475 0.056428
1 0.521681 0.438852 0.036854 0.053524
2 0.454149 0.430724 0.024743 0.038139
