0 0.461854 0.405315 0.084062 0.085555
0 0.090142 0.313389 0.057627 0.067252
0 0.938923 0.532235 0.092463 0.119849
0 0.616380 0.432383 0.081356 0.094660
0 0.019262 0.320213 0.026050 0.069932
0 0.470774 0.336230 0.058673 0.064140
2 0.785282 0.483558 0.035299 0.096378
3 0.031435 0.228136 0.046263 0.069910
1 0.568883 0.452884 0.030098 0.061810
0 0.427460 0.368139 0.053445 0.082546
2 0.542803 0.396155 0.027569 0.054929
2 0.718671 0.459479 0.038753 0.091821
4 0.465621 0.258070 0.062511 0.086002
2 0.089673 0.403286 0.025334 0.058943
2 0.076494 0.443172 0.022407 0.061885
3 0.465477 0.258479 0.062814 0.085448
0 0.031108 0.228245 0.045418 0.070496
1 0.518774 0.459077 0.035700 0.061288
