0 0.940821 0.544607 0.088517 0.124040
0 0.090104 0.292595 0.050835 0.061998
0 0.459701 0.405812 0.085382 0.083529
0 0.022072 0.296529 0.029980 0.066923
0 0.618976 0.431781 0.074474 0.091169
3 0.034807 0.209217 0.052396 0.057380
0 0.472911 0.336418 0.055688 0.073442
2 0.793013 0.489968 0.030735 0.089760
2 0.050520 0.456333 0.034275 0.104792
2 0.445661 0.461796 0.037553 0.089060
1 0.570539 0.459370 0.036301 0.060738
2 0.543370 0.398863 0.028148 0.059467
0 0.197875 0.254619 0.028169 0.051918
2 0.720815 0.467438 0.036326 0.087718
0 0.699662 0.406112 0.096116 0.077201
1 0.445859 0.495362 0.042372 0.062302
3 0.483965 0.271460 0.068628 0.090765
