0 0.458010 0.394966 0.092431 0.092274
4 0.490604 0.251950 0.070276 0.098564
2 0.830519 0.504109 0.039765 0.126652
0 0.964682 0.552134 0.040304 0.136698
1 0.748096 0.497773 0.041429 0.062568
0 0.632776 0.424204 0.079686 0.100545
0 0.469598 0.311739 0.063394 0.095816
1 0.890264 0.523235 0.045208 0.069297
0 0.425446 0.366615 0.059756 0.056226
0 0.417467 0.344903 0.069062 0.078281
2 0.752657 0.442528 0.033575 0.054418
1 0.524481 0.458851 0.032119 0.061033
1 0.575704 0.446092 0.037545 0.071716
4 0.468192 0.310625 0.064396 0.099709
