0 0.441896 0.342949 0.129807 0.133156
3 0.516219 0.166263 0.091859 0.136038
3 0.834135 0.354432 0.151601 0.130984
4 0.724823 0.296178 0.120931 0.134615
3 0.457446 0.220908 0.088512 0.142426
2 0.536801 0.388990 0.046135 0.079683
3 0.684167 0.383212 0.129266 0.148255
2 0.871925 0.426043 0.047160 0.078563
2 0.575303 0.342903 0.042093 0.089329
1 0.603080 0.429086 0.044940 0.076278
1 0.533648 0.434267 0.048635 0.084419
4 0.682208 0.384116 0.127511 0.148291
2 0.610738 0.392856 0.044604 0.105531
1 0.413166 0.485830 0.050628 0.095495
