0 0.544571 0.578387 0.111511 0.098630
0 0.379231 0.575010 0.092453 0.097030
0 0.636297 0.428841 0.034548 0.032395
0 0.048658 0.646105 0.080996 0.121935
0 0.281773 0.736255 0.155300 0.145063
4 0.345056 0.466916 0.086443 0.094659
0 0.344954 0.467215 0.084997 0.092489
3 0.427119 0.465730 0.059596 0.076163
0 0.555450 0.405902 0.042392 0.045624
0 0.559595 0.412178 0.033478 0.033008
0 0.795808 0.463203 0.040762 0.056227
0 0.367398 0.342778 0.024551 0.028833
0 0.532005 0.321754 0.025082 0.032779
0 0.633943 0.423781 0.039368 0.041396
