0 0.882740 0.190486 0.028849 0.034102
0 0.812758 0.099761 0.027227 0.031536
3 0.578897 0.681827 0.139302 0.198876
0 0.749359 0.628840 0.087151 0.107025
3 0.653749 0.565765 0.119400 0.140124
0 0.851244 0.145357 0.025710 0.023645
0 0.800514 0.294523 0.041614 0.048038
3 0.456819 0.451996 0.081487 0.100925
0 0.873141 0.251078 0.036747 0.042940
0 0.060849 0.286460 0.035398 0.025842
0 0.027220 0.336610 0.040675 0.044867
0 0.385509 0.478082 0.054449 0.029780
0 0.886639 0.156683 0.029069 0.024048
0 0.299380 0.291934 0.057621 0.029007
0 0.348377 0.261927 0.056350 0.039718
0 0.136418 0.267693 0.039055 0.030180
0 0.162472 0.209135 0.028716 0.022224
0 0.340085 0.201695 0.043910 0.026287
0 0.457084 0.452904 0.081870 0.100903
0 0.857391 0.112197 0.020201 0.020310
