0 0.783412 0.381937 0.121930 0.094159
0 0.654028 0.291332 0.097281 0.074415
0 0.483359 0.175067 0.066425 0.056228
0 0.519255 0.321952 0.085317 0.090098
0 0.414817 0.137710 0.052957 0.043575
0 0.558860 0.224147 0.071704 0.057830
0 0.364212 0.111120 0.048891 0.041094
0 0.176833 0.099720 0.039899 0.033345
0 0.969198 0.556431 0.050116 0.087465
0 0.111553 0.070985 0.037685 0.029604
0 0.319089 0.098009 0.043691 0.030861
0 0.260630 0.151591 0.047069 0.041111
3 0.484541 0.441939 0.101275 0.118811
0 0.484311 0.441742 0.102486 0.119431
0 0.225123 0.064844 0.035557 0.025537
