0 0.688511 0.250519 0.059862 0.047548
0 0.275628 0.306430 0.098471 0.068876
0 0.487693 0.254310 0.072691 0.054084
0 0.576284 0.177873 0.046804 0.038159
0 0.433017 0.239563 0.072059 0.047060
0 0.271405 0.375507 0.119343 0.082443
0 0.495425 0.394345 0.104225 0.090592
0 0.614169 0.189591 0.057113 0.051093
0 0.814671 0.109979 0.029607 0.019853
0 0.843110 0.100775 0.026459 0.018874
0 0.695262 0.158747 0.035489 0.025280
0 0.836178 0.098075 0.035401 0.022530
0 0.864092 0.090572 0.024011 0.017605
3 0.614447 0.188695 0.057732 0.051889
0 0.497396 0.380665 0.099671 0.064471
