0 0.379026 0.882372 0.176737 0.234671
0 0.328356 0.306008 0.088837 0.066754
0 0.144481 0.510479 0.156583 0.122985
0 0.526863 0.610614 0.109605 0.135685
0 0.367649 0.230543 0.042848 0.067584
0 0.629499 0.450909 0.072512 0.092763
3 0.356652 0.643091 0.158255 0.246481
0 0.715691 0.302294 0.050315 0.055106
3 0.037027 0.578095 0.064159 0.139046
0 0.187679 0.891370 0.192913 0.216393
3 0.684839 0.368561 0.059801 0.073834
0 0.751623 0.254271 0.043084 0.051266
0 0.337896 0.204899 0.042991 0.056069
0 0.129328 0.277548 0.097976 0.044941
0 0.737993 0.700616 0.088452 0.153185
0 0.427900 0.172442 0.049003 0.041533
0 0.185045 0.219960 0.035015 0.036400
0 0.292494 0.217848 0.043896 0.054428
4 0.396694 0.101185 0.063467 0.042491
0 0.157064 0.139203 0.044013 0.027294
0 0.216443 0.222289 0.034904 0.038370
3 0.752906 0.255650 0.044487 0.050313
0 0.420370 0.169136 0.060555 0.042368
