3 0.282231 0.324271 0.103041 0.118546
0 0.462674 0.286579 0.070438 0.061560
0 0.452084 0.175072 0.050124 0.030989
0 0.675578 0.207531 0.039262 0.040010
0 0.312830 0.238103 0.050694 0.038922
0 0.263300 0.253114 0.063904 0.045674
0 0.969921 0.632562 0.059502 0.106265
0 0.448488 0.134985 0.035116 0.024928
3 0.376131 0.354388 0.061823 0.093308
0 0.574279 0.221585 0.047505 0.044095
0 0.969788 0.253011 0.059504 0.050002
0 0.376029 0.354172 0.063206 0.092769
0 0.337175 0.228390 0.044990 0.037321
0 0.705523 0.137341 0.021482 0.030003
0 0.612535 0.194691 0.040110 0.040088
3 0.749932 0.149818 0.031988 0.037256
0 0.290446 0.244746 0.043275 0.039486
0 0.946175 0.614235 0.106658 0.143135
0 0.386507 0.199776 0.055547 0.040738
0 0.966389 0.229820 0.058920 0.040161
0 0.360444 0.216088 0.042420 0.040817
0 0.487319 0.164583 0.041185 0.027926
3 0.425989 0.259611 0.073012 0.082600
0 0.650179 0.165003 0.040672 0.045207
0 0.336955 0.173291 0.059819 0.034441
3 0.651359 0.167789 0.035997 0.038575
0 0.528919 0.219659 0.047452 0.041243
