0 0.260184 0.251927 0.059944 0.048421
0 0.308438 0.235496 0.060444 0.040334
0 0.531985 0.241642 0.053864 0.052115
0 0.554789 0.284480 0.058709 0.062289
0 0.428905 0.187678 0.045018 0.031492
0 0.056319 0.453093 0.111451 0.095852
0 0.287219 0.185490 0.043445 0.031836
0 0.479974 0.163487 0.054765 0.031445
0 0.342337 0.219617 0.045784 0.043769
0 0.553475 0.133949 0.036363 0.028102
3 0.463163 0.274597 0.075946 0.073135
3 0.599190 0.198248 0.049368 0.055070
3 0.640884 0.166638 0.048439 0.046483
0 0.352304 0.213929 0.062955 0.040517
0 0.464746 0.126256 0.037662 0.026473
0 0.634322 0.098526 0.047123 0.020954
3 0.443729 0.261555 0.117922 0.097014
