0 0.703629 0.611625 0.186910 0.156354
0 0.505839 0.444726 0.148285 0.143717
0 0.573226 0.661273 0.188365 0.212125
0 0.373734 0.368829 0.113286 0.111585
3 0.459916 0.243684 0.115395 0.099498
0 0.963885 0.183971 0.050686 0.043304
0 0.292275 0.424266 0.124982 0.102897
0 0.378664 0.518275 0.138885 0.122019
0 0.302061 0.314633 0.088126 0.085586
0 0.237202 0.269803 0.083170 0.054139
0 0.439341 0.139252 0.051511 0.036328
0 0.189407 0.237961 0.060291 0.051594
0 0.222619 0.353740 0.110198 0.090674
0 0.840590 0.868983 0.282964 0.261006
