3 0.923339 0.586183 0.152254 0.216123
0 0.880274 0.324977 0.060316 0.035166
0 0.797431 0.474631 0.077513 0.061159
0 0.888947 0.283338 0.046680 0.032555
3 0.397230 0.259489 0.065047 0.074808
3 0.530845 0.300216 0.166295 0.132090
0 0.962094 0.384054 0.064501 0.040659
4 0.738336 0.230077 0.163622 0.095413
0 0.430250 0.159479 0.028840 0.030593
3 0.737299 0.229437 0.166162 0.095907
0 0.404362 0.203705 0.032715 0.026913
0 0.228629 0.082546 0.042736 0.031289
0 0.765760 0.124042 0.030177 0.018779
0 0.213089 0.128439 0.023358 0.014567
0 0.975131 0.339362 0.045714 0.035653
1 0.294612 0.210304 0.032065 0.026592
