0 0.214756 0.743552 0.132751 0.114204
0 0.374675 0.634086 0.098996 0.080719
0 0.751004 0.552133 0.059324 0.065568
0 0.459792 0.651017 0.091249 0.090599
0 0.253226 0.581824 0.104914 0.076906
0 0.754675 0.773916 0.087132 0.105010
0 0.366464 0.719124 0.127787 0.128695
0 0.527445 0.521985 0.065624 0.056174
0 0.278660 0.467930 0.072206 0.035986
0 0.827782 0.600492 0.060019 0.076078
0 0.858366 0.391540 0.029105 0.029710
3 0.645846 0.436317 0.054906 0.058380
0 0.578673 0.545600 0.071404 0.064338
0 0.655968 0.495368 0.055480 0.041538
0 0.582407 0.489725 0.054948 0.041279
0 0.803085 0.379301 0.030050 0.021394
