0 0.616169 0.186191 0.038450 0.028414
0 0.804917 0.162856 0.029695 0.028267
4 0.116854 0.380170 0.164868 0.145116
0 0.811214 0.634172 0.105357 0.191403
0 0.701942 0.191686 0.035739 0.032761
0 0.605393 0.334494 0.085144 0.089080
0 0.583412 0.130611 0.061681 0.036622
2 0.884947 0.623233 0.028935 0.084932
0 0.409962 0.617880 0.182351 0.201741
3 0.117304 0.380712 0.165504 0.146476
0 0.217886 0.141042 0.063050 0.034116
0 0.872931 0.098872 0.023666 0.024573
0 0.694286 0.124695 0.043496 0.025020
0 0.936939 0.189550 0.069846 0.030847
