0 0.549467 0.484583 0.098680 0.122559
0 0.728077 0.409394 0.109972 0.090557
0 0.664873 0.725413 0.149172 0.203569
0 0.952534 0.916194 0.086275 0.158650
0 0.459608 0.579216 0.100978 0.156467
0 0.400396 0.376543 0.050466 0.067100
0 0.341522 0.274157 0.046756 0.048868
0 0.965645 0.290898 0.055173 0.064230
0 0.478740 0.353383 0.061844 0.067667
0 0.419961 0.231107 0.042329 0.054459
0 0.954549 0.359364 0.075570 0.054950
0 0.567968 0.268740 0.058530 0.052810
0 0.352823 0.215617 0.031523 0.039315
0 0.923227 0.213451 0.058244 0.043614
2 0.855876 0.105933 0.020915 0.053451
0 0.035486 0.277124 0.059501 0.037045
0 0.633399 0.258029 0.060859 0.053495
0 0.822917 0.226553 0.079995 0.040441
