4 0.606786 0.774768 0.192639 0.291336
0 0.437052 0.516113 0.077989 0.097225
0 0.817933 0.363479 0.094007 0.076768
3 0.331985 0.548202 0.122076 0.246878
0 0.381664 0.320386 0.049598 0.057413
0 0.339637 0.259200 0.036525 0.040472
3 0.516325 0.462331 0.096180 0.132340
0 0.281685 0.239846 0.031664 0.035437
4 0.309772 0.478281 0.172311 0.387113
0 0.265117 0.211446 0.030055 0.024355
3 0.191417 0.507741 0.090303 0.221486
0 0.224456 0.217024 0.028840 0.031225
0 0.228765 0.250106 0.029793 0.030983
0 0.257345 0.187309 0.028079 0.028931
0 0.317240 0.217619 0.033043 0.042323
