0 0.086133 0.345283 0.095154 0.082817
0 0.207867 0.284660 0.092368 0.067921
0 0.583404 0.273044 0.069534 0.084887
0 0.054091 0.252878 0.063916 0.058359
0 0.847631 0.074052 0.027744 0.025360
0 0.653360 0.148214 0.037397 0.036067
3 0.892115 0.213552 0.043877 0.071795
0 0.318915 0.232891 0.065544 0.042654
0 0.350173 0.217683 0.077832 0.044444
0 0.891891 0.217312 0.043149 0.065580
3 0.166177 0.210241 0.070359 0.056741
0 0.399625 0.195638 0.066667 0.050041
0 0.349112 0.147337 0.050565 0.034427
0 0.392221 0.212671 0.042805 0.031436
