3 0.381542 0.297835 0.074163 0.079002
0 0.231409 0.259345 0.050703 0.058453
3 0.905506 0.483948 0.152960 0.114223
0 0.197368 0.324872 0.065903 0.083759
3 0.441213 0.518541 0.115537 0.134170
0 0.202553 0.196861 0.031087 0.037982
0 0.147108 0.215800 0.034767 0.051754
0 0.165420 0.148330 0.027006 0.035244
0 0.786538 0.328223 0.112328 0.067386
3 0.219761 0.148491 0.033043 0.036714
3 0.786902 0.328285 0.112296 0.067085
0 0.239686 0.175873 0.034831 0.037366
3 0.239742 0.175986 0.035043 0.036580
3 0.165417 0.148269 0.025826 0.035607
0 0.125012 0.169955 0.027643 0.030321
