0 0.485899 0.365541 0.083008 0.064797
0 0.788889 0.245050 0.074421 0.040945
3 0.200015 0.491283 0.101632 0.172902
0 0.272066 0.181239 0.035942 0.031477
0 0.753217 0.507811 0.194928 0.140933
0 0.622814 0.131122 0.036966 0.027200
0 0.739526 0.223414 0.067918 0.046308
0 0.839336 0.193375 0.061578 0.036279
0 0.099514 0.114831 0.021660 0.025394
0 0.214402 0.148187 0.030965 0.034966
0 0.189851 0.128801 0.028859 0.030230
0 0.178018 0.098667 0.021754 0.020303
2 0.785643 0.596697 0.041660 0.106287
0 0.667193 0.127680 0.039226 0.027186
0 0.815732 0.182954 0.062410 0.034990
0 0.138164 0.093166 0.021427 0.019344
0 0.733821 0.161816 0.052637 0.032075
0 0.796753 0.145543 0.038816 0.027011
