0 0.483745 0.277665 0.061722 0.046928
0 0.933957 0.193058 0.025029 0.023457
0 0.282340 0.363846 0.085035 0.071370
3 0.282960 0.363705 0.083533 0.071977
0 0.852470 0.231688 0.027036 0.029053
3 0.388137 0.318166 0.086868 0.065652
0 0.387639 0.318583 0.085626 0.064762
0 0.646402 0.202830 0.040392 0.034914
3 0.816079 0.279304 0.043112 0.044550
0 0.540553 0.248816 0.051009 0.046278
0 0.816336 0.280078 0.042149 0.042946
0 0.730639 0.163906 0.022065 0.020473
3 0.594429 0.225675 0.044273 0.043175
0 0.689889 0.184525 0.031471 0.029588
