0 0.129231 0.764414 0.232414 0.228717
0 0.370176 0.597593 0.154640 0.157558
0 0.519863 0.453993 0.138932 0.145371
0 0.272586 0.523462 0.197607 0.199959
0 0.494256 0.385510 0.109549 0.100752
0 0.670797 0.344957 0.085751 0.084216
0 0.583820 0.317179 0.093214 0.091762
0 0.745429 0.278262 0.069817 0.070023
0 0.798588 0.242435 0.057768 0.055535
3 0.811419 0.150478 0.088247 0.098977
0 0.815272 0.396734 0.053652 0.090287
0 0.649714 0.280240 0.060970 0.066983
0 0.036780 0.716075 0.063838 0.158063
4 0.606202 0.094093 0.091735 0.064701
0 0.263090 0.231050 0.067953 0.049718
0 0.814427 0.416653 0.051600 0.049996
0 0.373630 0.961304 0.219695 0.076957
3 0.086404 0.426897 0.100998 0.144924
