0 0.848804 0.567553 0.179350 0.164243
0 0.619539 0.432927 0.166128 0.137746
0 0.885000 0.493167 0.189899 0.153407
0 0.436024 0.417232 0.141630 0.130989
0 0.687318 0.250245 0.095980 0.066028
0 0.148434 0.190395 0.069653 0.062733
0 0.309687 0.310166 0.106435 0.095428
0 0.445571 0.305227 0.116680 0.108392
3 0.445228 0.305104 0.116815 0.107825
0 0.336423 0.235042 0.093808 0.081087
0 0.761986 0.641688 0.106230 0.169599
0 0.026322 0.229969 0.037869 0.040004
0 0.182408 0.144540 0.065225 0.055931
0 0.254531 0.190834 0.055006 0.057093
3 0.196314 0.061499 0.056596 0.036085
0 0.116770 0.121834 0.036612 0.029519
