0 0.179140 0.592915 0.136665 0.099510
0 0.110035 0.463643 0.096213 0.070684
0 0.481103 0.629079 0.176461 0.117623
0 0.926034 0.808161 0.134240 0.169345
0 0.166540 0.324280 0.063443 0.066295
0 0.815543 0.333118 0.078487 0.041449
0 0.886218 0.404602 0.101412 0.051267
0 0.231823 0.321961 0.060791 0.059158
0 0.703930 0.842812 0.289617 0.217777
0 0.289503 0.344159 0.067565 0.057528
0 0.417628 0.159963 0.020766 0.021027
0 0.804030 0.276633 0.054481 0.040525
0 0.313583 0.322389 0.113582 0.099910
0 0.289744 0.249224 0.049234 0.043025
