0 0.500351 0.473393 0.076780 0.096867
0 0.953032 0.352711 0.082673 0.043126
0 0.768011 0.417569 0.111324 0.087553
0 0.410447 0.357389 0.055976 0.060693
0 0.503763 0.367978 0.070953 0.073706
0 0.414983 0.497607 0.076981 0.100688
0 0.745931 0.328990 0.085854 0.059765
0 0.574590 0.304681 0.051947 0.043109
0 0.330903 0.357018 0.064056 0.057466
3 0.582544 0.208788 0.117324 0.108822
0 0.496722 0.243472 0.040027 0.034200
0 0.299007 0.280180 0.039689 0.052702
0 0.255948 0.194820 0.032360 0.025043
0 0.357810 0.279191 0.042624 0.054401
0 0.413402 0.183157 0.028510 0.022556
0 0.445227 0.178381 0.035101 0.026705
