0 0.028734 0.762932 0.056939 0.150656
0 0.379974 0.519360 0.124637 0.125098
0 0.603833 0.287966 0.063855 0.062872
0 0.660754 0.253698 0.053939 0.053720
0 0.533143 0.324867 0.073517 0.085305
0 0.209365 0.635322 0.154833 0.187757
0 0.443864 0.377120 0.095741 0.103675
0 0.720570 0.221738 0.046177 0.049305
0 0.821707 0.196920 0.033449 0.038338
0 0.049665 0.602237 0.098790 0.173053
0 0.755365 0.205395 0.035894 0.036373
0 0.249830 0.479178 0.135236 0.134453
0 0.777998 0.190352 0.034710 0.035688
0 0.860581 0.145169 0.030454 0.024095
0 0.802685 0.173272 0.031730 0.036270
0 0.825695 0.158560 0.035981 0.037215
