3 0.494156 0.346671 0.126276 0.094760
0 0.405586 0.175012 0.050039 0.042758
0 0.946285 0.333763 0.092959 0.052475
0 0.351364 0.241377 0.053458 0.051974
0 0.554114 0.232182 0.063392 0.045395
0 0.057678 0.553438 0.108564 0.103898
0 0.263501 0.148354 0.032713 0.027119
3 0.280622 0.239134 0.061259 0.076805
0 0.251290 0.206641 0.044781 0.051356
0 0.220566 0.156461 0.040288 0.042900
0 0.384094 0.129656 0.033974 0.031436
0 0.336519 0.100930 0.035518 0.030219
0 0.280246 0.238862 0.061010 0.076913
0 0.308287 0.192417 0.044148 0.038622
