0 0.350291 0.628298 0.150506 0.160979
0 0.250882 0.232886 0.079908 0.038857
0 0.606838 0.384012 0.087010 0.086210
0 0.668792 0.431368 0.090169 0.090616
0 0.861872 0.247691 0.052109 0.049229
0 0.876356 0.129947 0.026666 0.024399
0 0.897635 0.174797 0.038815 0.032798
0 0.836794 0.114035 0.021296 0.024040
0 0.710681 0.242202 0.055642 0.049546
0 0.132559 0.867211 0.244085 0.256938
0 0.658322 0.310228 0.070556 0.075208
3 0.513045 0.467145 0.131459 0.140437
0 0.513420 0.466996 0.130704 0.140147
0 0.313996 0.202589 0.057058 0.033318
3 0.365448 0.224129 0.102808 0.096269
4 0.365439 0.224065 0.102234 0.097121
0 0.924062 0.103764 0.026720 0.024393
