0 0.909881 0.255540 0.063142 0.053650
0 0.297641 0.516986 0.165107 0.105001
0 0.651426 0.598359 0.223686 0.199137
0 0.480714 0.186664 0.037435 0.037821
0 0.391003 0.109870 0.026854 0.025319
0 0.972716 0.227488 0.040815 0.048967
3 0.726545 0.214804 0.193301 0.079406
2 0.856177 0.103416 0.021242 0.059544
0 0.841725 0.254133 0.067341 0.044639
0 0.942556 0.319165 0.076911 0.060013
0 0.887859 0.219904 0.056876 0.039520
0 0.436061 0.121026 0.021740 0.021776
2 0.056339 0.378806 0.014036 0.036731
0 0.415401 0.130359 0.025366 0.035449
