0 0.175993 0.448966 0.127335 0.102075
0 0.312293 0.372614 0.106375 0.082983
0 0.514405 0.261018 0.066095 0.048315
0 0.184242 0.376892 0.117980 0.097590
0 0.344282 0.443262 0.045537 0.047827
0 0.051373 0.449698 0.091079 0.101276
0 0.535700 0.208646 0.060340 0.044945
0 0.418518 0.299423 0.105221 0.091374
0 0.570506 0.233676 0.053284 0.042161
0 0.722247 0.131329 0.028230 0.021255
0 0.370499 0.289870 0.090638 0.067798
0 0.661149 0.185124 0.038505 0.033047
0 0.357163 0.293878 0.063261 0.059348
0 0.751028 0.115595 0.023414 0.017555
