0 0.608894 0.476512 0.121487 0.117192
0 0.454725 0.331559 0.113371 0.132201
0 0.624897 0.659481 0.201607 0.238461
0 0.223011 0.242319 0.049460 0.052734
0 0.522943 0.080340 0.046335 0.026971
0 0.443410 0.443435 0.117590 0.145575
0 0.795440 0.590245 0.178649 0.217295
3 0.461558 0.116853 0.068273 0.055730
0 0.883119 0.068896 0.036808 0.021820
0 0.810178 0.075226 0.048610 0.023813
0 0.040910 0.195576 0.055737 0.034189
0 0.970742 0.071141 0.056873 0.026814
0 0.764840 0.074432 0.048007 0.024237
0 0.585882 0.072917 0.047957 0.024506
0 0.621174 0.081481 0.052802 0.031643
0 0.820241 0.072915 0.067339 0.025784
0 0.752536 0.075969 0.041902 0.025973
0 0.828203 0.071783 0.053364 0.022723
