0 0.478458 0.255598 0.077195 0.058990
0 0.360576 0.265595 0.086240 0.071428
0 0.726044 0.133739 0.043575 0.039748
0 0.217912 0.189665 0.039474 0.038227
0 0.642107 0.176062 0.057285 0.056094
0 0.561242 0.102452 0.057155 0.032667
0 0.142755 0.201518 0.042931 0.038415
0 0.823547 0.181599 0.044300 0.048011
0 0.766748 0.115996 0.043402 0.030250
0 0.801511 0.099154 0.029290 0.028232
0 0.680332 0.132437 0.057415 0.039002
0 0.132374 0.169049 0.057634 0.031155
0 0.823236 0.088751 0.029041 0.023799
0 0.114288 0.159896 0.032427 0.033626
0 0.182241 0.154065 0.040539 0.045126
0 0.680135 0.122285 0.057468 0.058753
0 0.176732 0.123159 0.067508 0.041728
0 0.931923 0.065434 0.023982 0.030256
0 0.261225 0.177344 0.047321 0.054446
0 0.026839 0.156944 0.030185 0.028899
