0 0.715041 0.379498 0.106613 0.069248
0 0.351651 0.244949 0.048707 0.045499
3 0.259970 0.128437 0.052491 0.067262
3 0.318725 0.193298 0.063977 0.064699
0 0.268642 0.222412 0.044695 0.042955
0 0.962392 0.295201 0.066494 0.048766
0 0.305611 0.249867 0.052863 0.051905
0 0.857120 0.389372 0.154014 0.103260
0 0.337333 0.363497 0.071984 0.085764
0 0.209084 0.224391 0.035293 0.038069
0 0.119072 0.185733 0.031029 0.034972
0 0.170759 0.184380 0.028883 0.026512
0 0.928333 0.277046 0.112244 0.047995
0 0.912486 0.273396 0.086051 0.052093
0 0.261698 0.150349 0.025428 0.026474
0 0.227670 0.357201 0.064534 0.066138
