0 0.458563 0.400878 0.113572 0.110440
0 0.593046 0.502868 0.148489 0.141066
0 0.505990 0.328710 0.099420 0.089399
0 0.951849 0.468264 0.084522 0.109952
0 0.647593 0.413171 0.149865 0.138655
0 0.740413 0.364461 0.133095 0.109211
0 0.347628 0.299617 0.082128 0.087964
0 0.405217 0.270866 0.074285 0.068530
0 0.905962 0.356837 0.121815 0.080314
0 0.806949 0.680411 0.218112 0.212854
0 0.597068 0.292091 0.112654 0.100415
0 0.304468 0.162672 0.055062 0.047496
0 0.408525 0.207661 0.067522 0.055477
0 0.489216 0.244054 0.087608 0.080595
0 0.666417 0.214238 0.079656 0.049567
0 0.349847 0.124573 0.046125 0.031881
0 0.920668 0.612116 0.143293 0.174447
0 0.665155 0.710801 0.087934 0.146641
0 0.241768 0.131693 0.035690 0.031458
0 0.917121 0.577042 0.123681 0.097196
0 0.226685 0.093246 0.031182 0.032437
