0 0.133504 0.566107 0.179783 0.161884
0 0.138908 0.370327 0.124980 0.090590
0 0.279868 0.356001 0.103303 0.078050
0 0.483339 0.362255 0.085319 0.073035
0 0.641891 0.265532 0.059414 0.052973
0 0.347405 0.429526 0.131902 0.118512
0 0.075190 0.468680 0.141352 0.122186
0 0.415841 0.301625 0.080469 0.052880
3 0.507473 0.249095 0.078330 0.072079
0 0.564618 0.302967 0.073093 0.062020
0 0.566621 0.227070 0.046705 0.045211
2 0.805686 0.130189 0.014710 0.042202
4 0.439139 0.212215 0.086499 0.083534
0 0.703221 0.170869 0.039642 0.030967
0 0.737664 0.150308 0.033064 0.029992
