0 0.640901 0.563735 0.171742 0.102634
0 0.374735 0.438597 0.140869 0.085271
3 0.108968 0.288184 0.103256 0.069550
0 0.252018 0.278155 0.076551 0.056172
0 0.311620 0.286338 0.067455 0.047291
0 0.426940 0.292907 0.065808 0.059456
3 0.230456 0.252379 0.079611 0.072498
0 0.530742 0.198659 0.043303 0.033725
0 0.373709 0.288357 0.065050 0.048296
0 0.452522 0.252993 0.055264 0.036427
0 0.949207 0.713978 0.081377 0.088407
0 0.476437 0.198034 0.045044 0.034093
0 0.456144 0.222963 0.048620 0.035717
4 0.384480 0.210383 0.102235 0.073860
0 0.949267 0.701883 0.078110 0.064436
