0 0.735107 0.426200 0.093961 0.087706
0 0.588518 0.384689 0.075505 0.078588
0 0.791813 0.621820 0.146604 0.160914
0 0.668363 0.473232 0.101519 0.117596
0 0.887683 0.571207 0.152604 0.140073
0 0.788495 0.381110 0.102151 0.099146
0 0.627662 0.334034 0.068132 0.078383
0 0.564507 0.282936 0.058452 0.063488
0 0.519295 0.244444 0.039036 0.044050
0 0.705870 0.333773 0.075432 0.072582
0 0.919372 0.482686 0.142073 0.132187
0 0.586946 0.251043 0.056629 0.049343
0 0.640850 0.282930 0.063167 0.058748
3 0.479260 0.196130 0.044566 0.059952
0 0.488202 0.272512 0.040120 0.048550
3 0.919691 0.481895 0.143805 0.133090
