0 0.563681 0.241153 0.062038 0.046317
0 0.748527 0.091958 0.034212 0.029210
0 0.757601 0.220806 0.053879 0.045745
0 0.852659 0.127210 0.034819 0.029113
0 0.519090 0.197035 0.086547 0.041702
0 0.545499 0.208763 0.060913 0.041323
0 0.043082 0.507738 0.071007 0.090523
0 0.563978 0.172063 0.054476 0.035546
0 0.682678 0.120909 0.040338 0.035092
0 0.879563 0.159276 0.028745 0.032124
0 0.845827 0.218348 0.033955 0.032175
0 0.809592 0.049367 0.040986 0.030650
0 0.846175 0.208977 0.036701 0.051891
0 0.506795 0.197163 0.061303 0.040749
