0 0.425083 0.321066 0.125142 0.127703
0 0.497284 0.609945 0.205389 0.202516
0 0.222760 0.380549 0.150752 0.130979
0 0.247261 0.472168 0.164238 0.158064
0 0.041387 0.506603 0.073641 0.114134
0 0.385680 0.263521 0.110046 0.099442
0 0.074193 0.645966 0.139253 0.184475
0 0.770001 0.306068 0.093997 0.105563
0 0.494824 0.182345 0.082555 0.080411
0 0.721420 0.095399 0.060371 0.058563
3 0.554614 0.201831 0.120516 0.130427
0 0.638477 0.136694 0.071021 0.079493
0 0.554309 0.201804 0.120382 0.130679
0 0.919069 0.095451 0.053736 0.064540
