4 0.320042 0.211619 0.127414 0.107865
0 0.328677 0.363765 0.093187 0.085273
3 0.660008 0.379475 0.222002 0.184377
0 0.316875 0.283154 0.078058 0.073641
0 0.435065 0.424854 0.138369 0.142041
3 0.467007 0.281658 0.153000 0.139150
0 0.545910 0.410852 0.092827 0.067630
0 0.256056 0.137875 0.037288 0.031258
0 0.943023 0.632133 0.097037 0.194633
0 0.139553 0.173529 0.041088 0.043094
0 0.083211 0.166367 0.035402 0.032942
0 0.349614 0.171516 0.058733 0.034254
4 0.744380 0.637054 0.477983 0.454240
0 0.224666 0.128116 0.031520 0.023859
0 0.298646 0.148856 0.047634 0.040371
0 0.190547 0.116109 0.032044 0.025075
