0 0.357008 0.499705 0.133380 0.123870
0 0.717703 0.452979 0.087839 0.093208
0 0.329466 0.315484 0.081403 0.069681
0 0.747177 0.293521 0.050719 0.049504
0 0.861573 0.183055 0.059569 0.029576
0 0.578954 0.462712 0.101635 0.085832
0 0.677761 0.178897 0.037213 0.030386
0 0.075838 0.700241 0.142836 0.169015
0 0.537789 0.224961 0.047205 0.032275
0 0.715741 0.176369 0.053924 0.037445
0 0.603457 0.222469 0.045092 0.038546
0 0.799213 0.126459 0.046353 0.027302
0 0.617475 0.180382 0.041907 0.030131
0 0.873123 0.156719 0.024900 0.023485
