0 0.575080 0.259693 0.054444 0.053901
0 0.335498 0.393942 0.107569 0.094405
0 0.090842 0.186482 0.042412 0.032082
0 0.498420 0.262284 0.059611 0.057712
0 0.964383 0.546172 0.063206 0.079641
0 0.433043 0.406804 0.096088 0.081222
0 0.621763 0.210718 0.044121 0.035589
0 0.045616 0.246405 0.040261 0.032200
0 0.161865 0.298782 0.053148 0.066177
0 0.410378 0.195242 0.050669 0.044649
0 0.456262 0.196199 0.047612 0.041019
3 0.161443 0.298803 0.051709 0.066605
0 0.616333 0.162811 0.037810 0.031624
0 0.035616 0.221897 0.035146 0.021593
