0 0.304674 0.378341 0.121721 0.108960
0 0.433445 0.316276 0.093887 0.072089
0 0.627486 0.175899 0.051357 0.042104
0 0.695910 0.170756 0.045831 0.032851
0 0.406809 0.270297 0.079422 0.065669
0 0.118270 0.401863 0.142626 0.115423
0 0.218353 0.230093 0.079342 0.055159
0 0.255617 0.140691 0.059314 0.036058
0 0.305825 0.191393 0.099156 0.055398
0 0.838940 0.205797 0.041986 0.034599
0 0.821775 0.084758 0.029020 0.017161
0 0.790941 0.106799 0.036246 0.028227
3 0.306736 0.191640 0.098598 0.054953
0 0.185898 0.107158 0.038662 0.021620
0 0.407090 0.282175 0.081891 0.044144
0 0.754531 0.106695 0.029859 0.021148
3 0.085892 0.515288 0.149926 0.132499
