0 0.769827 0.425335 0.115331 0.083879
0 0.379237 0.274712 0.067445 0.046710
0 0.450976 0.270882 0.054249 0.048012
0 0.476161 0.292100 0.066697 0.058949
0 0.507975 0.249058 0.052659 0.037465
3 0.613508 0.192525 0.071688 0.063067
0 0.442717 0.245620 0.055062 0.049431
3 0.350529 0.459659 0.070122 0.115826
3 0.692776 0.136008 0.058542 0.059017
0 0.581342 0.244597 0.044482 0.036627
0 0.549678 0.220328 0.050881 0.048955
0 0.374233 0.203711 0.049057 0.029985
0 0.766736 0.913920 0.182143 0.171797
0 0.350733 0.459173 0.070774 0.115923
