0 0.644034 0.185912 0.038524 0.034625
0 0.333418 0.396160 0.092433 0.069520
0 0.517064 0.192107 0.044056 0.042106
0 0.410550 0.272047 0.063668 0.056296
0 0.566597 0.279551 0.061025 0.055216
0 0.890061 0.718100 0.198732 0.223722
3 0.284289 0.226704 0.147893 0.118365
0 0.626638 0.152251 0.030204 0.028637
0 0.355756 0.254221 0.046696 0.042706
0 0.580209 0.128864 0.031343 0.027571
0 0.219825 0.680674 0.181191 0.169869
0 0.824104 0.194781 0.076020 0.046941
4 0.284254 0.226989 0.147798 0.119548
0 0.148683 0.411564 0.143458 0.168132
2 0.915111 0.256001 0.033749 0.057031
0 0.484201 0.380279 0.067895 0.073108
0 0.536616 0.154635 0.037486 0.030973
0 0.427002 0.183508 0.045939 0.039346
1 0.473935 0.401472 0.046671 0.044070
