0 0.126089 0.465263 0.100349 0.082196
0 0.061699 0.557570 0.110330 0.086406
0 0.555693 0.306155 0.056182 0.053110
0 0.442672 0.440516 0.094796 0.090594
0 0.459462 0.322607 0.074931 0.057689
0 0.361486 0.431640 0.124211 0.092343
0 0.227852 0.446578 0.106933 0.098910
0 0.518695 0.290974 0.051930 0.048140
0 0.561928 0.259357 0.046944 0.038108
0 0.036305 0.643345 0.063431 0.088408
0 0.343649 0.342902 0.074899 0.057859
0 0.248743 0.384435 0.096919 0.067667
0 0.640924 0.212777 0.035949 0.027766
0 0.759569 0.144897 0.022681 0.018934
3 0.623510 0.307068 0.053193 0.050197
0 0.623284 0.307537 0.053780 0.050371
0 0.042390 0.751670 0.076025 0.137424
