0 0.928548 0.298837 0.047540 0.026187
0 0.487453 0.266784 0.033127 0.032831
0 0.488759 0.233764 0.036241 0.027101
0 0.723431 0.226980 0.023273 0.023636
0 0.385908 0.227668 0.037589 0.024178
0 0.596298 0.173700 0.029673 0.025113
0 0.870503 0.281268 0.039722 0.026622
0 0.480062 0.207118 0.031319 0.023285
0 0.496814 0.314778 0.045937 0.038081
0 0.764802 0.192788 0.023575 0.018960
0 0.765297 0.183957 0.023394 0.036452
0 0.371364 0.158182 0.026770 0.032461
0 0.588660 0.222491 0.056706 0.031967
0 0.577878 0.223243 0.034728 0.030233
0 0.632824 0.199505 0.038514 0.021370
3 0.534226 0.190909 0.059574 0.054690
