0 0.521009 0.592631 0.302587 0.210596
0 0.200830 0.227068 0.052447 0.059751
0 0.341125 0.342446 0.090874 0.107163
0 0.686689 0.183511 0.056539 0.040544
0 0.304983 0.268769 0.062189 0.083113
0 0.301166 0.153363 0.030846 0.031560
0 0.941856 0.277515 0.102797 0.091354
3 0.725135 0.347581 0.131857 0.155175
3 0.478495 0.321013 0.110686 0.100201
0 0.417268 0.263208 0.068885 0.080686
0 0.218924 0.187000 0.044155 0.029764
3 0.349134 0.096398 0.063806 0.050419
0 0.320858 0.133630 0.031186 0.024556
0 0.299995 0.207827 0.058088 0.058378
3 0.416374 0.262087 0.069536 0.085111
0 0.552032 0.160694 0.038300 0.034139
0 0.270875 0.141386 0.041068 0.035861
