0 0.677465 0.870434 0.228156 0.258466
0 0.453724 0.885711 0.193976 0.227164
0 0.859263 0.454376 0.128974 0.080297
0 0.302782 0.664502 0.120625 0.171434
0 0.733170 0.378140 0.107039 0.071644
0 0.594524 0.317168 0.084945 0.056844
0 0.923181 0.162601 0.040399 0.021602
0 0.705761 0.553153 0.155672 0.146882
0 0.454065 0.600668 0.130157 0.159099
0 0.291008 0.422803 0.078118 0.076635
0 0.507074 0.279460 0.075707 0.053376
0 0.451249 0.253860 0.054897 0.043989
0 0.364001 0.489774 0.111252 0.116988
0 0.204678 0.485715 0.080855 0.099842
3 0.363983 0.489927 0.111553 0.117409
3 0.081355 0.735564 0.109203 0.224317
0 0.179027 0.398385 0.062917 0.072026
3 0.454293 0.600630 0.128770 0.159424
0 0.979570 0.172977 0.024886 0.028790
0 0.248842 0.361674 0.058421 0.051136
0 0.370698 0.247824 0.053285 0.040574
0 0.119407 0.276313 0.053613 0.062467
0 0.107260 0.574788 0.074811 0.062024
0 0.338125 0.198208 0.035891 0.033080
0 0.154434 0.335950 0.050586 0.065377
