0 0.650635 0.317819 0.118747 0.064438
0 0.061111 0.406605 0.104191 0.086353
0 0.449478 0.272743 0.072965 0.054521
0 0.958095 0.226454 0.058446 0.039112
0 0.565275 0.468428 0.111263 0.113305
0 0.969579 0.256841 0.035126 0.047573
0 0.191859 0.179608 0.030043 0.030086
0 0.321300 0.334530 0.070960 0.085532
0 0.361689 0.222204 0.047671 0.041819
0 0.288346 0.215590 0.043298 0.038288
0 0.222684 0.214342 0.043479 0.041176
0 0.185251 0.283664 0.052134 0.056713
0 0.960180 0.345096 0.055525 0.075063
0 0.264875 0.260898 0.044452 0.035607
0 0.359852 0.294542 0.068012 0.060349
0 0.440158 0.503667 0.080232 0.063459
0 0.255105 0.233415 0.039805 0.032216
0 0.172767 0.155628 0.030812 0.030609
0 0.200404 0.179476 0.047416 0.030863
