0 0.800285 0.403578 0.064017 0.088704
0 0.451616 0.348042 0.085319 0.082614
3 0.853722 0.317316 0.062860 0.093071
0 0.397713 0.388673 0.113281 0.088235
0 0.965870 0.266195 0.054410 0.051560
0 0.874126 0.182420 0.024078 0.023379
4 0.693006 0.213953 0.081340 0.073413
0 0.292120 0.329113 0.066498 0.054133
0 0.813969 0.235912 0.039196 0.048189
0 0.226806 0.289181 0.055669 0.047745
0 0.750090 0.195386 0.025441 0.035135
0 0.781764 0.180701 0.029052 0.025673
0 0.361590 0.312521 0.077209 0.065080
0 0.853997 0.316824 0.061762 0.092029
