3 0.531286 0.227858 0.066297 0.108054
0 0.500834 0.398655 0.098373 0.094217
0 0.851031 0.211087 0.034422 0.036711
0 0.561964 0.086590 0.043904 0.020611
0 0.586042 0.546957 0.114147 0.128212
0 0.883404 0.260092 0.044103 0.044978
0 0.813896 0.130293 0.028951 0.020851
0 0.772277 0.320178 0.063744 0.060617
0 0.152218 0.225765 0.072952 0.043156
0 0.697047 0.093988 0.041573 0.026973
0 0.891976 0.151587 0.027769 0.032986
3 0.299993 0.188882 0.082683 0.047254
3 0.199092 0.206596 0.094677 0.057868
0 0.936503 0.094896 0.026276 0.022790
0 0.125917 0.162720 0.054370 0.032622
0 0.958120 0.105140 0.022131 0.020356
0 0.665981 0.106221 0.045738 0.025882
