0 0.056211 0.806760 0.106294 0.134534
0 0.058852 0.272868 0.111925 0.078270
0 0.085920 0.615231 0.163348 0.189469
0 0.370359 0.351388 0.094798 0.066553
0 0.513898 0.405436 0.101415 0.099108
0 0.322370 0.556271 0.203583 0.193826
0 0.292046 0.455724 0.167307 0.168917
0 0.714396 0.188799 0.042373 0.036270
0 0.235059 0.422347 0.113800 0.113717
3 0.482795 0.314069 0.133662 0.141665
0 0.709112 0.256055 0.052448 0.050987
0 0.761140 0.158663 0.040073 0.036612
3 0.597303 0.333092 0.076210 0.085928
3 0.291544 0.454086 0.166385 0.166237
0 0.597160 0.332876 0.075977 0.085681
0 0.683932 0.098052 0.042261 0.023180
