0 0.559596 0.528231 0.123492 0.128159
0 0.452423 0.428613 0.093666 0.095256
0 0.429242 0.286421 0.069323 0.059974
0 0.645878 0.803967 0.270819 0.318249
3 0.420290 0.529894 0.113916 0.143593
0 0.688772 0.443498 0.099849 0.072665
0 0.706073 0.161695 0.104675 0.046785
0 0.170103 0.149981 0.028445 0.025585
3 0.704131 0.657190 0.218356 0.237324
0 0.420322 0.530566 0.116044 0.143869
3 0.645830 0.804016 0.269915 0.318796
0 0.686955 0.612876 0.183648 0.146721
0 0.243647 0.145596 0.026414 0.020951
0 0.704403 0.657021 0.218206 0.237035
0 0.732767 0.474108 0.086999 0.063542
0 0.954806 0.185281 0.072022 0.043051
