0 0.266721 0.247933 0.046383 0.043026
3 0.465664 0.403067 0.094851 0.104774
0 0.558616 0.518526 0.131307 0.130919
0 0.361065 0.436969 0.091945 0.100972
0 0.333166 0.187382 0.037393 0.031499
0 0.774450 0.712510 0.201569 0.205372
0 0.373811 0.348503 0.071426 0.065732
0 0.723422 0.201742 0.065800 0.038550
0 0.802597 0.151315 0.061216 0.034786
3 0.403764 0.252994 0.088692 0.080472
0 0.686227 0.190008 0.058819 0.040359
0 0.175488 0.159043 0.033925 0.024018
0 0.164690 0.184686 0.031117 0.027950
4 0.403875 0.252716 0.088530 0.080492
0 0.258080 0.306856 0.053954 0.054087
0 0.808536 0.233373 0.118376 0.055938
0 0.970970 0.190274 0.045462 0.038683
0 0.932759 0.287264 0.099241 0.084968
3 0.195896 0.394637 0.061022 0.095221
