3 0.724951 0.443706 0.171718 0.179303
0 0.731932 0.355074 0.122441 0.085670
0 0.777514 0.629525 0.184170 0.203928
0 0.904654 0.632247 0.169899 0.176544
0 0.599757 0.353570 0.103996 0.099587
0 0.533403 0.404090 0.103189 0.103555
0 0.927526 0.822846 0.124598 0.236180
0 0.654110 0.774539 0.194176 0.239719
0 0.238711 0.266218 0.052978 0.071820
0 0.622208 0.486366 0.126302 0.144265
3 0.321233 0.095182 0.045717 0.059571
0 0.379457 0.374137 0.086564 0.102353
0 0.399959 0.275372 0.065065 0.055205
0 0.357997 0.231414 0.054946 0.058463
0 0.517275 0.275208 0.094361 0.111009
3 0.517500 0.276090 0.095122 0.111259
0 0.376623 0.120522 0.031900 0.031497
0 0.197668 0.170508 0.030606 0.033885
0 0.447883 0.248122 0.056167 0.047825
0 0.341668 0.128255 0.030556 0.024800
0 0.217262 0.133956 0.030426 0.022569
