0 0.264333 0.596682 0.183920 0.155604
3 0.638942 0.198119 0.123746 0.110053
0 0.077407 0.513893 0.143825 0.121396
0 0.321240 0.438163 0.144718 0.124444
0 0.063148 0.764706 0.117855 0.169508
0 0.520466 0.390389 0.092233 0.091579
0 0.412792 0.467623 0.124882 0.122850
0 0.687282 0.276263 0.055209 0.048972
0 0.503281 0.318475 0.068358 0.059721
0 0.627677 0.313817 0.067684 0.065157
0 0.806309 0.369696 0.058742 0.063578
3 0.806896 0.369699 0.062070 0.063351
0 0.739767 0.169224 0.037000 0.034807
0 0.770848 0.197330 0.076178 0.041725
