0 0.042198 0.371976 0.075897 0.098360
0 0.637213 0.153071 0.066521 0.056846
0 0.721429 0.292552 0.130483 0.118970
0 0.406371 0.208216 0.110451 0.080611
0 0.058218 0.299371 0.106665 0.077881
0 0.512086 0.167035 0.083423 0.060508
0 0.714451 0.078563 0.036472 0.033252
0 0.874860 0.148276 0.050957 0.061106
3 0.221914 0.256314 0.211471 0.163942
0 0.650083 0.114805 0.056244 0.049449
2 0.944674 0.110257 0.042085 0.062020
0 0.583590 0.142682 0.066818 0.050142
0 0.886379 0.069648 0.029551 0.026689
0 0.572443 0.148021 0.043894 0.039938
2 0.944519 0.124380 0.043727 0.091078
0 0.536716 0.127069 0.057338 0.034875
