0 0.327885 0.505148 0.073189 0.055643
0 0.248056 0.392709 0.052300 0.039226
0 0.313495 0.342695 0.046731 0.038424
0 0.077210 0.431174 0.058944 0.062483
0 0.239168 0.343167 0.039233 0.031944
0 0.399506 0.327433 0.040952 0.035900
0 0.357259 0.306484 0.039024 0.027095
0 0.522252 0.282265 0.032589 0.026743
0 0.578033 0.251271 0.026624 0.020014
0 0.420146 0.304655 0.034841 0.026906
3 0.657910 0.206280 0.056516 0.044314
4 0.709750 0.271526 0.075609 0.071756
0 0.787159 0.260670 0.021435 0.019923
3 0.709942 0.272090 0.076070 0.072002
