0 0.310936 0.875716 0.185557 0.236426
0 0.058729 0.628846 0.106914 0.100463
0 0.147983 0.744919 0.140754 0.144274
0 0.402140 0.495311 0.080589 0.086908
0 0.275906 0.625200 0.112039 0.106655
0 0.356099 0.644003 0.123065 0.145391
0 0.263183 0.531247 0.105019 0.102061
0 0.802181 0.498598 0.060389 0.067214
0 0.507128 0.410491 0.068491 0.059645
0 0.515946 0.603442 0.092236 0.111038
0 0.615148 0.311872 0.041395 0.040786
0 0.206310 0.802781 0.164844 0.173009
0 0.581039 0.492683 0.071040 0.089870
0 0.562745 0.359414 0.051394 0.054566
0 0.507833 0.352252 0.055946 0.048427
0 0.657516 0.267787 0.034492 0.034581
0 0.832515 0.203230 0.023282 0.029968
0 0.634895 0.418023 0.067484 0.087699
0 0.668658 0.222784 0.026067 0.026676
0 0.721475 0.209471 0.031029 0.031418
0 0.851261 0.288278 0.026777 0.036614
0 0.747386 0.185719 0.026498 0.026178
0 0.874150 0.202237 0.018380 0.018504
0 0.764819 0.167983 0.026361 0.027390
