0 0.831384 0.798731 0.314558 0.299911
0 0.898343 0.674827 0.190342 0.260420
0 0.669164 0.483113 0.151625 0.150269
3 0.348495 0.334070 0.314026 0.335298
0 0.825645 0.502779 0.161014 0.122696
0 0.503929 0.372206 0.090426 0.106969
0 0.164187 0.219841 0.050744 0.054937
0 0.639913 0.369667 0.150681 0.108326
0 0.497481 0.296220 0.093641 0.084823
3 0.601446 0.204100 0.299529 0.204777
3 0.640773 0.369746 0.149607 0.110875
4 0.601233 0.203791 0.299735 0.204799
0 0.125408 0.174745 0.053291 0.050075
0 0.071018 0.135384 0.032597 0.030845
0 0.511063 0.296926 0.066930 0.080611
