0 0.604181 0.725352 0.143933 0.160735
0 0.464619 0.271373 0.072383 0.037373
3 0.692814 0.648711 0.152482 0.161861
0 0.575175 0.545670 0.109871 0.105394
0 0.411096 0.407130 0.072518 0.070193
0 0.311302 0.503394 0.085478 0.113210
0 0.629304 0.933951 0.160868 0.131376
0 0.362856 0.596578 0.108451 0.134628
3 0.363136 0.596516 0.108637 0.135098
3 0.190542 0.315362 0.085644 0.118886
0 0.695353 0.213791 0.066193 0.033773
4 0.811525 0.882743 0.247851 0.233681
0 0.487037 0.474442 0.070129 0.077026
0 0.811661 0.882734 0.248194 0.233394
0 0.483638 0.751172 0.096515 0.098684
