0 0.632907 0.643133 0.152802 0.169041
0 0.874386 0.658091 0.185467 0.169885
0 0.290658 0.506282 0.072721 0.119558
0 0.222907 0.684307 0.144673 0.194945
0 0.328989 0.312541 0.058226 0.051607
0 0.519908 0.478256 0.108321 0.126492
3 0.250538 0.243151 0.107852 0.122287
0 0.253054 0.333851 0.040900 0.030037
0 0.438714 0.407140 0.079268 0.099235
4 0.251711 0.243276 0.108611 0.121863
0 0.385759 0.372529 0.056255 0.036396
3 0.438257 0.407070 0.079578 0.099428
0 0.250780 0.321920 0.046788 0.053204
0 0.252217 0.329277 0.044908 0.038765
