0 0.912476 0.841085 0.151316 0.202779
0 0.807908 0.882557 0.198126 0.232946
0 0.707496 0.463660 0.112949 0.076080
0 0.574572 0.522424 0.109681 0.109065
0 0.557485 0.639180 0.126721 0.151093
0 0.716772 0.643716 0.133916 0.131853
0 0.475170 0.433191 0.080366 0.077851
0 0.365325 0.419843 0.085888 0.090341
0 0.723114 0.183741 0.051575 0.029403
0 0.664333 0.957710 0.138897 0.083596
0 0.474146 0.747449 0.124324 0.144551
0 0.136933 0.181763 0.033706 0.024131
0 0.235073 0.281705 0.036360 0.031921
0 0.460004 0.345878 0.073474 0.056865
0 0.214166 0.169997 0.043341 0.030919
0 0.564807 0.272481 0.066317 0.046258
0 0.357716 0.338513 0.050808 0.037223
0 0.460446 0.534020 0.118883 0.112912
