0 0.820926 0.766164 0.262463 0.290285
0 0.893523 0.655088 0.201773 0.234916
0 0.468391 0.356416 0.126849 0.121967
0 0.326058 0.254735 0.077411 0.075990
0 0.817305 0.467737 0.172825 0.153094
0 0.968885 0.597824 0.049960 0.107811
0 0.215347 0.179788 0.058258 0.046627
0 0.254092 0.098206 0.039444 0.034946
2 0.667445 0.944603 0.071989 0.109829
0 0.092640 0.101881 0.036658 0.032901
0 0.401296 0.175884 0.066223 0.053570
0 0.149344 0.185277 0.051175 0.048587
3 0.400738 0.176330 0.066923 0.052812
0 0.738231 0.170028 0.191178 0.077159
