0 0.627919 0.351655 0.084723 0.060942
0 0.385143 0.412401 0.080064 0.099653
0 0.223771 0.217562 0.026120 0.031855
0 0.162830 0.183365 0.024617 0.021312
0 0.182900 0.242379 0.029465 0.040568
0 0.211929 0.189699 0.026304 0.026414
0 0.253617 0.247133 0.038563 0.042538
4 0.661225 0.171811 0.054410 0.113509
0 0.216516 0.311925 0.041794 0.046934
0 0.357002 0.190717 0.035584 0.035604
0 0.260749 0.394844 0.063197 0.087855
0 0.270603 0.144062 0.021842 0.019322
3 0.261022 0.395266 0.062775 0.088968
0 0.295711 0.136259 0.023230 0.024706
