3 0.391827 0.201536 0.082903 0.079444
0 0.551092 0.382060 0.100087 0.070956
0 0.479373 0.564704 0.129210 0.167006
3 0.306882 0.488147 0.086883 0.124449
0 0.749714 0.421329 0.153568 0.127973
0 0.223281 0.214462 0.034348 0.031028
0 0.316269 0.329238 0.056100 0.056035
0 0.250761 0.247506 0.047460 0.048667
0 0.192031 0.268883 0.043061 0.051828
0 0.359241 0.238916 0.049788 0.043838
0 0.237271 0.150144 0.023906 0.020438
0 0.175962 0.233449 0.036825 0.036325
3 0.419245 0.285166 0.062329 0.054906
0 0.214012 0.188290 0.038357 0.031267
0 0.889810 0.500121 0.171368 0.134107
